19
10 4 5 4 7 6 5 2 9 8 4 5 6 23 6 12 16 32
3 9 8 1 2 5 4 7 8 8 7 2 4 6 8 7 5 6
12 3 6 6 7 8 4 2 8 8 6 3 43 45 6 17 24 4
8 7 2 4 6 8 7 5 6 4 7 34 32 21 33 4 14 4 9
8 4 5 6 23 6 12 16 32 22 1 11 42 3 64 2 43 12 8
12 32 3 13 2 23 4 5 6 12 32 3 13 2 23 4 5 6
10 4 5 4 7 6 5 2 9 8 4 5 6 23 6 12 16 32
3 9 8 1 2 5 4 7 8 8 7 2 4 6 8 7 5 6
12 3 6 6 7 8 4 2 8 8 6 3 43 45 6 17 24 4
8 7 2 4 6 8 7 5 6 4 7 34 32 21 33 4 14 4 9
8 4 5 6 23 6 12 16 32 22 1 11 42 3 64 2 43 12 8
12 32 3 13 2 23 4 5 6 12 32 3 13 2 23 4 5 6
4 7 34 32 21 33 4 14 4 9 4 7 34 32 21 33 4 14 4 9
8 6 3 43 45 6 17 24 4 12 4 52 23 5 15 22 6 18
12 4 52 23 5 15 22 6 18 22 1 11 42 3 64 2 43 12 8
4 7 34 32 21 33 4 14 4 9 4 7 34 32 21 33 4 14 4 9
8 6 3 43 45 6 17 24 4 12 4 52 23 5 15 22 6 18
12 4 52 23 5 15 22 6 18 22 1 11 42 3 64 2 43 12 8
22 1 11 42 3 64 2 43 12 8 4 7 34 32 21 33 4 14 4 9